0.9091
0.9444
1.0
1.3
0.7273
0.8182
1.0
1.0
0.5833
0.6111
0.5625
0.68
0.7692
0.7895
0.75
0.7241
0.1429
1.0588
0.7333
0.8333
0.5
0.7778
0.7895
0.8
0.7333
0.7826
0.9524
0.7895
0.7778
0.9
0.8333
0.7083
0.5833
0.5263
0.625
0.8095
0.9091
0.7143
0.8571
0.7391
0.5625
0.8214
0.7097
0.8571
0.6429
0.875
0.7273
0.8056
0.75
0.4231
0.8621
0.0
0.0
0.0
0.0
0.0556
0.0
0.0
0.0
0.0
0.0
0.0
0.0
0.0
0.0
0.0
0.36
0.125
0.0
0.2222
0.0714
0.0
0.5
0.3684
0.0
0.0
0.0
1.0
0.7895
0.5882
0.7826
0.6667
0.5714
0.8462
0.625
0.7083
0.9
0.4444
1.0
1.6
0.8
0.6429
0.5
0.7143
0.8235
0.3077
0.8889
0.9091
0.8889
0.9
1.0952
0.8846
0.9167
0.5
1.0
0.7
0.7692
0.7778
0.7143
1.0
0.8667
0.9091
0.8571
0.8
0.8235
1.0
1.1111
1.0833
0.8261
2.0
0.8125
1.0
1.0
1.0
0.8824
0.7778
0.8667
0.8947
1.0741
1.0
0.7647
0.8
0.5
0.9259
0.8
0.7826
1.0909
0.0
0.0
0.0
0.0
0.0
0.0
0.0
0.0
0.0
0.0
0.2143
0.0
0.0
0.0
0.0
0.4286
0.1111
0.0
0.0
0.0
0.0
0.0
0.0
0.0
0.0
0.0
0.0
0.0
0.0
0.0
0.0
0.0
0.0
0.0
0.0
0.375
0.0
0.0
0.0
0.0
0.55
0.5
0.0
0.0
0.8571
1.0
0.7143
0.8125
0.6842
0.8947
1.0
1.0
1.1765
0.6957
0.5333
0.875
0.4737
0.8286
0.7727
0.6842
0.9091
0.619
0.85
0.84
0.7143
0.875
0.8889
0.7857
0.7895
0.8333
0.8889
1.0
0.6
0.8077
0.88
0.7692
0.6154
0.5385
0.375
1.0
0.8889
1.0
1.1111
0.8333
0.5625
0.8
0.75
0.6667
0.7273
0.7
0.5714
0.5714
0.5882
0.6667
0.8889
0.7143
0.75
0.5
0.5714
0.8889
0.8846
0.7273
0.75
1.0
0.8333
0.8333
0.4
1.0
0.8
0.6667
0.8235
0.0
0.0
0.0
0.0
0.0
0.0
0.0
0.0
0.0
0.0
0.0
0.0
0.3333
0.0
0.0
0.1111
0.5
0.125
0.0
0.0
0.1333
0.8
0.2222
0.0
0.7391
0.7407
1.0
0.6
1.0
0.4545
0.6875
0.7097
0.6667
0.6364
0.8696
0.7419
0.8889
0.9167
0.0
0.0
0.0
0.0
0.0
0.0
0.3636
0.6667
0.2857
0.0625
0.0
0.8333
0.9167
1.3333
0.625
0.1875
0.8182
0.7857
0.9091
0.5789
0.5556
1.037
0.8889
0.75
0.5556
0.6
0.8
0.8333
0.6
1.0
0.6098
0.6875
0.75
0.7692
0.4
0.9167
1.0
0.6667
0.7143
0.9091
0.8636
0.9524
0.4348
0.7
0.7368
0.875
0.8947
0.9
0.8333
0.8636
1.25
0.8462
1.0
1.0
0.0667
0.0
0.75
0.5769
0.5909
0.3846
0.8
0.0
0.5238
0.0
0.0
0.0
0.0
0.0
0.0
0.0
0.3571
0.2308
0.0
0.0
0.0
0.0
0.0
0.0
2.0
0.0
0.0
0.0
0.0
0.0
0.0952
0.3333
0.5
0.0
0.0
0.0
0.6
0.8
0.0
0.4706
0.0
0.0
0.0
0.0
0.0
0.0
0.0
0.0
0.0
0.0
0.0
0.0
0.1429
0.0
0.0
0.0
0.0
0.0
0.0
0.0
0.0
0.0
0.7692
0.0
0.0
0.0
0.0
0.0
0.0
0.0
0.3043
0.0
0.0
0.0
0.0
0.0
0.2857
0.0
0.0
0.0
0.0
0.0
0.0
0.0
0.0
0.0
0.0
0.0
0.0
0.0
0.25
0.0
0.0
0.0
0.0
0.0
0.0
