0.0
0.0
0.0
0.0
0.0
0.0
0.0
0.0
0.0
0.0
0.0
0.0
0.1591
0.0
0.0
0.3607
0.1333
0.0
0.0
0.0
0.0
0.0
0.0
0.0
0.0
0.0
0.0
0.0
0.0
0.0
0.0
0.0
0.0
0.1389
0.0
0.0
0.24
0.0
0.0
0.0
0.0
0.0
0.0
0.0
0.0
0.1282
0.3023
0.0
0.0
0.0
0.0
0.0
0.0
0.0
0.0
0.2222
0.0
0.0
0.0
0.0
0.0
0.0
0.0
0.3077
0.4091
0.0
0.102
0.1795
0.0
0.1053
0.0385
0.0
0.5
0.3704
0.0
0.0
0.0
0.0
0.0
0.0
0.0
0.0
0.2069
0.3103
0.2105
0.2
0.0
0.0
0.0
0.0
0.0
0.0
0.0
0.0
0.0
0.0
0.0
0.0
0.0
0.0
0.0
0.0
0.0
0.0
0.0
0.0
0.0
0.2
0.0
0.3333
0.0
0.0
0.0
0.2203
0.0303
0.0
0.0
0.0
0.0
0.0
0.0
0.0
0.0
0.0
0.0
0.1053
0.0833
0.2128
0.2903
0.0
0.0
0.0
0.1765
0.0
0.0
0.1786
0.0
0.0
0.0
0.0
0.0
0.0
0.0
0.0
0.0
0.0
0.0
0.2812
0.0
0.0
0.0
0.0
0.1489
0.1
0.0
0.0
0.0
0.0
0.0
0.0
0.0
0.0
0.0
0.0
0.0
0.0
0.0
0.0
0.0
0.0
0.0
0.0
0.2143
0.0
0.0
0.1333
0.0
0.4706
0.25
0.0
0.0
0.0
0.0
0.0
0.0
0.0
0.1628
0.1186
0.0
0.0
0.0
0.0
0.0
0.0
0.0
0.0
0.1389
0.4737
0.0
0.0
0.0
0.0
0.0
0.0
0.0
0.0
0.0
0.0
0.0
0.0
0.0
0.0
0.0
0.2308
0.0
0.0
0.0
0.0
0.0
0.0
0.0
0.0
0.0
0.0
0.0
1.0714
0.0
0.0952
0.0
0.0
0.0
0.0909
0.0
0.0
0.4286
0.0
0.0
0.0
0.0
0.0
0.0
0.5714
0.0
0.0
0.0
0.0
0.0
0.0
0.0
0.0
0.0
0.0
0.2917
0.0
0.0
0.0
0.0
0.0
0.0
0.4054
0.0
0.0
0.1765
0.0667
0.0682
0.0
0.0
0.5357
0.0476
0.0278
0.0
0.0
0.0
0.0182
0.1818
0.0
0.3243
0.0
0.2895
0.0
0.0
0.0
0.0
0.0
0.0
0.0
0.0
0.0
0.0
0.0
0.0
0.0
0.05
0.2941
0.0286
0.0294
0.0
0.0
0.8
0.0
0.0
0.1562
0.0
0.0
0.2778
0.0
0.0
0.0392
0.2778
0.0
0.0
0.0
0.0
0.0
0.0
0.0
0.0
0.0
0.0
0.0
0.0
0.0
0.0
0.0
0.0
0.5333
0.2353
0.0
0.0
0.4118
0.0
0.1429
0.0909
0.1129
0.0
0.2586
0.5
0.0
0.6944
0.4062
0.3929
0.0
0.125
0.7097
0.1875
0.2414
0.5526
0.0
0.4474
0.0
0.0
0.0
0.1163
0.0
0.0
0.0
0.1379
0.6667
0.0
0.0
0.0
0.0
0.0
0.0
0.2286
0.0
0.0
0.0
0.0
0.0
0.3542
0.2
0.2222
0.0
0.0
0.0
0.0385
0.0345
0.0
0.5588
0.0
0.0
0.0
0.0
0.0
0.0
0.0
0.0
0.0
0.0
0.0
0.0
0.4615
0.0
0.0
0.0
0.0
0.0
0.3333
0.0
0.0
0.0
0.2333
0.0
0.0
0.0
0.0
0.0
0.0
0.0
0.0465
0.0
0.0
0.0
0.0
0.0
0.5
0.0
0.0
0.0
0.0
0.0
0.0
0.0
0.0
0.0
0.0
0.0
0.0
0.0
0.1818
0.0
0.0
0.0
0.0256
0.0
0.0
