0.0
0.0
0.0
0.0
0.0
0.0
0.0
0.0
0.0
0.0
0.0
0.0
0.02
0.0
0.0
0.1739
0.0714
0.0
0.0
0.0
0.0
0.0
0.0
0.0
0.0
0.0
0.0
0.0
0.0
0.0
0.0
0.0
0.0
0.1515
0.0
0.0
0.225
0.0
0.0
0.0
0.0196
0.0
0.0
0.0
0.0
0.0435
0.4419
0.0
0.0
0.0
0.0
0.0
0.0
0.0
0.0
0.0323
0.0
0.0
0.0
0.0
0.0
0.0
0.0
0.0
0.087
0.0
0.0
0.0976
0.0
0.1053
0.1
0.0
0.0
0.0
0.0
0.0
0.0
0.0
0.0
0.0
0.0
0.0
0.0323
0.3571
0.4
0.1296
0.0
0.0
0.0
0.0
0.0
0.0
0.0
0.0
0.0
0.0
0.0
0.0
0.0
0.0
0.0
0.0
0.0
0.0
0.0
0.0
0.0
0.4286
0.0
0.2
0.0
0.0
0.0
0.0
0.0227
0.0
0.0
0.0
0.0
0.0
0.0
0.0
0.0
0.0
0.0
0.1429
0.1389
0.1364
0.0
0.0
0.0
0.0
0.4375
0.0
0.0
0.125
0.0
0.0
0.0
0.0
0.0
0.0
0.0
0.0
0.0
0.0
0.0
0.4286
0.0
0.0
0.0
0.0
0.1379
0.0455
0.0
0.0
0.0
0.0
0.0
0.0
0.0
0.0
0.0
0.0
0.0
0.0
0.0
0.0
0.0
0.0
0.0
0.0
0.6923
0.075
0.0
0.3929
0.0
0.3846
0.2857
0.0
0.0
0.0
0.0
0.0
0.0
0.0
0.1667
0.0167
0.0
0.0
0.0
0.0
0.0
0.0
0.0
0.0
0.0
0.0
0.0
0.0
0.0
0.0
0.0
0.0
0.0
0.0
0.0
0.0
0.0
0.0
0.0
0.0
0.0
0.0
0.0
0.0
0.0
0.0
0.0
0.0
0.0
0.0
0.0
0.0
0.0
0.1538
0.0
0.45
0.0
0.0
0.0
0.2727
0.0
0.0
0.0909
0.0
0.0
0.0
0.0
0.0
0.0
0.1176
0.0
0.0
0.0
0.0
0.0
0.0
0.0
0.0
0.0
0.0
0.1091
0.0
0.0
0.0
0.0
0.0
0.0
0.375
0.0
0.0
0.0645
0.1176
0.1463
0.0
0.0
0.3448
0.0455
0.027000000000000003
0.0
0.0
0.0
0.0185
0.0556
0.0
0.2273
0.0
0.2683
0.1429
0.0
0.0
0.0
0.2051
0.0
0.0
0.0
0.0
0.0
0.0
0.0
0.0
0.1364
0.0161
0.0256
0.1765
0.0
0.0
0.4545
0.0
0.0
0.0741
0.0
0.0
0.4902
0.0
0.0
0.0556
0.0556
0.0
0.0
0.0
0.0
0.0
0.0
0.0
0.0
0.0
0.0
0.0
0.0
0.0
0.0
0.0
0.0
0.1562
0.0408
0.0
0.0
0.2075
0.0
0.41100000000000003
0.1803
0.0702
0.0
0.25
0.5
0.0
0.6087
0.2857
0.1333
0.0
0.2222
0.1818
0.2759
0.8571
0.2273
0.0
0.6444
0.0
0.0
0.0
0.0
0.0
0.0
0.0
0.1923
0.0286
0.0
0.0
0.0
0.0
0.0
0.0
0.1111
0.0
0.0
0.0
0.0
0.0
0.0208
0.0333
0.35
0.0
0.0
0.0
0.0556
0.0357
0.0
0.3611
0.0
0.0
0.0
0.0
0.0
0.0
0.0
0.0
0.0
0.0
0.0
0.0
0.2857
0.0
0.0
0.0
0.0
0.0
0.0
0.0
0.0
0.0
0.2812
0.0
0.0
0.0
0.0
0.0
0.0
0.0
0.0667
0.0
0.0
0.0
0.0
0.0
0.05
0.0
0.0
0.0
0.0
0.0
0.0
0.0
0.0
0.0
0.0
0.0
0.0
0.0
0.0909
0.0
0.0
0.0
0.5
0.0
0.0
